s 0.501 0.260 0.961 0.01
s 0.559 0.867 0.773 0.01
s 0.619 0.500 0.986 0.01
s 0.499 0.941 0.414 0.01
s 0.867 0.670 0.281 0.01
s 0.105 0.629 0.417 0.01
s 0.645 0.251 0.304 0.01
s 0.455 0.360 0.027 0.01
s 0.388 0.550 0.698 0.01
s 0.112 0.800 0.623 0.01
s 0.354 0.971 0.770 0.01
s 0.144 0.777 0.924 0.01
s 0.157 0.272 0.342 0.01
s 0.154 0.715 0.400 0.01
s 0.540 0.570 0.051 0.01
s 0.959 0.473 0.276 0.01
s 0.505 0.129 0.019 0.01
s 0.870 0.968 0.411 0.01
s 0.795 0.918 0.550 0.01
s 0.069 0.922 0.432 0.01
s 0.655 0.958 0.451 0.01
s 0.316 0.019 0.982 0.01
s 0.370 0.608 0.154 0.01
s 0.013 0.311 0.438 0.01
s 0.631 0.265 0.987 0.01
s 0.410 0.377 0.044 0.01
s 0.433 0.924 0.148 0.01
s 0.669 0.902 0.316 0.01
s 0.635 0.866 0.263 0.01
s 0.928 0.961 0.730 0.01
s 0.028 0.519 0.532 0.01
s 0.333 0.816 0.274 0.01
s 0.130 0.878 0.017 0.01
s 0.935 0.742 0.482 0.01
s 0.766 0.240 0.867 0.01
s 0.229 0.494 0.316 0.01
s 0.272 0.754 0.390 0.01
s 0.416 0.397 0.393 0.01
s 0.938 0.968 0.603 0.01
s 0.809 0.795 0.618 0.01
s 0.753 0.831 0.872 0.01
s 0.458 0.339 0.760 0.01
s 0.445 0.749 0.811 0.01
s 0.047 0.957 0.071 0.01
s 0.507 0.736 0.326 0.01
s 0.900 0.549 0.480 0.01
s 0.733 0.271 0.919 0.01
s 0.134 0.236 0.652 0.01
s 0.790 0.603 0.543 0.01
s 0.225 0.804 0.400 0.01
s 0.326 0.426 0.652 0.01
s 0.814 0.539 0.179 0.01
s 0.556 0.486 0.711 0.01
s 0.503 0.464 0.766 0.01
s 0.959 0.812 0.351 0.01
s 0.440 0.883 0.554 0.01
s 0.978 0.256 0.757 0.01
s 0.171 0.727 0.963 0.01
s 0.204 0.680 0.996 0.01
s 0.173 0.348 0.121 0.01
s 0.153 0.611 0.092 0.01
s 0.685 0.650 0.414 0.01
s 0.510 0.031 0.026 0.01
s 0.363 0.448 0.805 0.01